106024.png 150 30 300 300
153077.png 80 80 500 300
153093.png 10 50 350 300
181079.png 50 5 300 500
189080.png 50 5 300 500
208001.png 20 150 250 450
209070.png 120 80 400 300
21077.png 150 100 350 250
227092.png 30 50 250 450
24077.png 200 0 350 320
271008.png 130 30 250 320
304074.png 100 190 250 400
326038.png 170 30 350 300
37073.png 70 10 400 200
376043.png 10 90 260 400
388016.png 90 60 300 450
65019.png 180 30 350 320
69020.png 5 0 430 320
86016.png 100 50 400 150
aero_2007_000032.png 100 80 380 180
aero_2007_001884.png 100 100 400 230
aero_2007_006232.png 80 150 500 250
aero_2007_007341.png 50 80 450 250
aero_2007_009030.png 50 120 450 250
aero_2008_002358.png 10 100 480 230
baby_2007_005227.png 50 10 350 300
baby_2007_006647.png 10 10 500 350
baby_2007_007203.png 300 130 420 300
banana1.png 10 20 600 430
banana2.png 20 80 600 450
banana3.png 20 80 600 450
bike_2007_000364.png 50 50 450 320
bike_2007_000822.png 100 200 230 350
bike_2007_004003.png 50 50 480 300
bike_2007_005354.png 0 100 220 350
bike_2007_005878.png 100 100 320 230
bike_2007_008994.png 150 150 380 350
bike_2007_009084.png 20 70 480 350
bike_2008_000782.png 0 120 250 500
bike_2008_002772.png 80 250 380 430
bird_2007_000363.png 200 120 500 300
bird_2008_002200.png 200 150 400 400
boat_2007_000061.png 270 10 420 300
boat_2007_000837.png 250 60 370 160
boat_2007_009527.png 90 200 500 350
boat_2008_001135.png 130 150 450 220
book.png 80 40 600 450
bool.png 180 150 500 450
bush.png 150 50 350 550
bus_2007_000727.png 100 320 280 450
bus_2007_002216.png 80 100 400 350
bus_2007_003101.png 290 0 500 280
bus_2007_003503.png 100 100 350 250
bus_2007_003786.png 180 150 290 250
bus_2007_005262.png 90 100 340 250
car_2007_006900.png 90 120 490 350
car_2007_009779.png 90 200 320 350
car_2008_000595.png 50 360 350 500
car_2008_001716.png 200 120 450 300
car_2008_002834.png 100 140 320 250
cat_2007_000528.png 120 60 320 300
cat_2007_000876.png 100 40 400 350
cat_2007_001185.png 80 70 300 350
cat_2007_007530.png 150 70 330 180
cat_2008_000345.png 170 70 380 350
cat_2008_001592.png 200 130 400 300
cat_2008_001885.png 180 50 500 350
ceramic.png 100 30 550 430
chair_2008_000107.png 80 200 300 480
cow_2007_000464.png 80 200 200 250
cross.png 120 10 300 600
cyclist_2007_000129.png 60 0 280 500
dog_2007_001239.png 100 100 380 350
dog_2008_000080.png 200 70 400 300
doll.png 0 20 450 500
elefant.png 100 50 500 500
flower.png 150 70 450 400
fullmoon.png 10 50 600 500
grave.png 170 150 320 450
GT02.png 10 50 600 500
GT07.png 0 50 800 600
GT13.png 100 0 800 600
horse_2007_003889.png 150 40 300 300
horse_2007_006134.png 100 100 400 300
horse_2008_000696.png 200 0 300 230
llama.png 100 120 360 350
memorial.png 80 180 320 500
monitor_2007_000039.png 100 90 400 300
monitor_2007_000121.png 10 25 250 220
monitor_2007_000187.png 0 100 250 350
monitor_2007_001678.png 250 100 350 200
monitor_2007_003011.png 20 140 140 220
monitor_2007_004193.png 130 200 250 300
music.png 150 30 550 450
person1.png 70 70 600 450
person2.png 100 120 500 450
person3.png 160 200 300 550
person4.png 300 60 500 450
person5.png 100 150 210 480
person6.png 150 120 300 500
person7.png 150 100 280 450
person8.png 50 80 650 500
person_2007_000170.png 0 0 450 400
person_2007_000323.png 300 0 500 400
person_2007_000392.png 100 50 350 300
person_2007_000480.png 100 150 220 400
person_2007_000733.png 50 20 250 370
person_2007_000783.png 100 50 430 300
person_2007_001423.png 100 50 430 300
person_2007_001430.png 250 140 400 350
person_2007_001526.png 290 0 390 300
person_2007_002378.png 200 0 390 300
person_2007_002426.png 90 40 500 300
person_2007_002639.png 220 150 310 300
person_2007_002823.png 200 150 320 350
person_2007_004328.png 40 120 150 260
person_2007_004722.png 330 100 430 400
person_2007_005086.png 270 50 500 400
person_2007_005430.png 210 20 360 300
person_2007_006364.png 250 20 380 350
person_2007_007996.png 390 50 500 300
person_2007_008218.png 200 50 500 400
person_2007_009327.png 100 80 250 400
person_2007_009687.png 280 70 500 400
person_2008_000474.png 170 60 400 350
person_2008_000510.png 100 50 300 250
person_2008_000584.png 170 150 300 330
person_2008_001375.png 350 50 500 350
person_2008_001547.png 200 150 350 400
plant_2007_002967.png 180 0 250 300
plant_2007_004121.png 20 150 120 270
plant_2007_004948.png 210 130 290 220
plant_2008_000391.png 0 50 290 340
plant_2008_002273.png 20 100 250 330
plant_2008_002379.png 80 100 250 480
scissors.png 20 50 600 430
sheep.png 150 180 300 400
sheep_2007_001416.png 0 70 190 200
sheep_2007_003593.png 50 120 300 300
sofa_2007_000661.png 100 170 330 280
sofa_2007_001149.png 150 140 400 300
sofa_2007_006530.png 30 150 200 280
stone1.png 200 50 480 430
stone2.png 200 10 480 430
teddy.png 50 50 230 330
tennis.png 150 100 300 460
train_2007_000042.png 0 40 210 250
train_2007_000333.png 0 50 400 260
train_2007_002462.png 50 80 500 150
train_2007_003286.png 100 60 450 300
train_2007_004627.png 190 200 430 270
